1183
2792
2861
5743
1188
1798
7966
1240
7889
938
1002
6906
2199
4334
8151
6886
853
297
2078
5406
2568
5898
1670
3038
3335
209
1586
2382
6974
7233
5460
2411
7566
3233
777
7660
5122
2107
3167
3023
5409
7481
4600
4670
6168
4830
2285
7554
4683
3999
2509
3934
1575
1487
8393
4173
4775
3389
3141
4181
2799
6371
4638
258
3665
5040
420
6458
6082
3695
7608
5029
2458
39
7324
3915
2333
5128
4049
3798
7447
5307
199
7579
6500
2129
627
4248
7307
7911
4207
1618
242
8119
2453
75
7955
1393
5626
8015
7631
5197
390
3284
6428
911
6045
5609
7863
2557
5147
4809
7485
799
7127
5146
7286
8379
7711
7503
3943
5033
6343
2609
3633
8196
1325
3403
5910
6090
4022
1333
6839
7314
625
5506
3926
5921
7620
6735
4282
5478
4086
5511
7069
5251
7880
615
7023
7627
3354
3306
6472
3547
6086
4275
2443
3474
2621
4575
3054
6550
1527
4353
7448
5977
4064
3789
2111
7343
4682
3935
4939
1462
5850
5924
3193
2074
2108
7570
5601
7138
6321
2266
2932
4793
393
17
2127
5611
4285
2322
2560
6802
7593
2098
3596
6843
8175
2006
5378
3138
6434
4759
4538
3522
6115
6155
6601
5141
6219
6505
7437
425
2571
8019
4978
1963
1442
4991
3067
6768
2708
7541
4847
181
8234
6121
7110
7368
4094
6949
6723
7736
2264
2221
8201
3235
558
7131
3411
6220
3997
6108
4590
1003
3247
1494
6957
6193
3124
2360
1607
4650
158
7586
2963
5410
4380
1026
2110
3012
3971
3258
93
768
5302
7074
2276
4609
5519
7009
5633
7449
6587
6586
2593
8008
2154
4886
4745
1684
5259
3491
7981
8147
7451
528
3725
1000
3227
4842
5951
7521
6413
1083
2794
7704
3390
4647
3256
2983
2281
5404
7305
6283
462
2093
2147
3497
3
3730
2128
4109
2928
8173
1841
1056
5966
5956
2102
2670
7511
6214
5608
7450
7595
8337
6320
5018
2927
1177
1517
2914
1024
1
3056
7967
3655
2992
2976
6398
4230
8
4237
6946
2600
1394
4999
6037
6591
4034
7013
3908
454
7486
5950
2301
5655
2177
7461
4862
8208
6327
2492
5851
2837
2096
4441
8373
3653
470
7695
2856
1167
6872
7822
8116
7925
7329
1343
6701
7530
7735
5193
2742
7587
7872
59
3683
2254
5973
3616
4228
553
5591
2606
4890
5253
1852
313
4663
3813
7089
7722
4172
1500
3527
6791
5170
2024
5179
7504
3595
3105
7563
1353
1298
7452
3318
4874
3203
7197
3031
2822
7336
380
664
4597
4831
4057
247
5578
5176
1828
6933
3482
2640
1331
7157
2786
7693
5003
2142
7773
6654
2377
2488
1332
2172
4503
1456
2244
576
312
6958
642
7443
7407
7991
3778
5105
2072
1558
1198
1699
5904
4416
146
563
7155
6867
2905
743
2302
8181
6163
2659
2150
7173
7891
6805
7507
4328
1833
7974
6878
559
490
3458
5081
5531
4913
4587
4264
6006
5779
5759
8125
6627
2748
5783
7167
956
6088
205
2735
1379
1979
3534
7826
2648
1385
2116
3945
60
6127
1199
5981
3104
6481
2839
6844
3905
1192
5504
3211
5436
7725
1085
1479
1081
8013
4839
6750
206
719
7313
4581
4823
21
411
934
4054
1811
2122
2991
5371
3364
4672
871
4963
7253
7647
760
8078
6770
598
5882
5220
6008
4280
7012
120
4463
3112
4992
1293
6446
7841
5828
848
4798
4208
8299
3249
1692
3423
4113
8164
7327
1322
4020
4149
6138
408
8395
2734
426
996
4653
8040
8188
5970
3380
5994
4995
1383
3709
7992
6025
1342
6480
6498
186
929
953
2406
4364
5077
1286
3790
28
1883
5971
7359
3939
7115
5254
7194
1132
3705
8172
4021
5763
877
1170
1743
2902
4257
3660
2375
1568
7099
5052
5470
7186
7084
141
3720
7398
4164
7744
2903
698
6211
2173
4788
6914
1211
161
646
6392
4630
4251
539
3073
6080
1326
6551
4548
2426
7626
864
189
1493
7459
819
4343
3171
7997
6698
3309
7577
352
7574
774
4643
2084
2100
4935
5025
7959
144
5784
6727
2112
6564
8282
1087
5488
1686
6486
4549
5527
6803
3076
3481
811
7006
2061
3794
3266
1457
7417
3771
2038
526
3165
1604
7913
8382
5267
8263
7333
2207
4130
812
1277
6466
1802
2579
5090
3671
6263
61
4456
2160
6189
7564
4286
5620
6438
6227
7680
276
6544
6744
2805
6888
4866
1492
7038
8104
6274
51
7400
6353
3661
7528
3681
6852
2350
2886
355
5701
5517
564
2910
8100
766
5440
6229
3174
3310
5860
5659
6059
423
5817
4426
191
2325
271
453
3083
5226
3025
1289
1071
6339
3741
2624
7921
1809
4588
7174
5333
6993
6873
3213
1344
1307
4902
6145
1535
1134
6891
5992
1533
8327
5637
3761
5541
3502
8092
69
4158
5034
636
7352
2673
6427
275
5746
7169
2937
2875
6519
6740
713
6069
4123
6225
1513
3916
343
6338
4374
2580
3515
3507
5976
5009
8135
2970
3198
1930
7104
5221
3400
2330
2208
3703
4611
5969
5445
4701
8087
361
1263
5827
5797
5310
7547
8214
6680
1444
1967
957
4515
7665
7268
1585
525
6033
8357
6693
8267
5320
1826
2838
681
6035
7843
7427
8356
4725
2559
6689
1369
6102
2883
829
30
757
4739
4518
4432
6324
6662
668
5093
7989
2529
8192
1982
1659
8085
5396
7179
4136
203
3980
6960
3851
7320
4110
1574
7362
64
2643
2047
3371
5159
4729
5810
4096
5181
7028
3702
690
5822
4318
2320
4420
7655
6314
4411
8165
3463
2653
1965
6440
6448
1072
7205
8232
33
1313
965
3347
3696
4965
3618
310
3738
1285
1481
2885
2536
1341
7429
2482
5964
6644
4521
6076
4976
7623
2778
896
6731
3930
895
7409
4528
5007
5263
1838
4980
3492
3319
1701
6722
1409
6778
1268
7150
4905
2668
4359
4259
5279
2958
5856
5151
1340
2144
600
301
4969
7689
3973
2055
4324
178
6250
1006
1873
1758
6499
7819
6369
8269
96
2840
776
7943
5542
1253
3384
6491
1536
3787
764
8159
6995
7007
2220
168
617
3919
6622
7094
3968
3591
1067
1015
1808
5363
2428
3276
4339
537
1485
2269
2205
7581
4467
2584
7190
7455
8388
1562
3179
5434
3216
6402
1705
7476
8259
7639
7707
5341
802
575
5231
1993
3764
7295
7176
7597
4301
6560
2296
14
1118
2795
2036
6831
1652
7346
8215
5848
6477
5121
5047
6042
3923
5503
97
6570
3251
7086
7290
4534
6761
4290
5879
513
3349
74
902
8266
7151
8291
7816
4369
1906
4187
6213
5958
2385
2255
582
4666
5650
5521
2246
5890
2198
1128
13
6532
3802
8075
6416
7315
2721
5564
6206
3760
5881
954
7834
2478
3219
4656
2696
613
2283
4699
5776
1824
6764
3476
6188
530
1983
3058
8096
5586
4199
4327
119
5194
6869
1160
7677
6134
8145
6174
1080
3590
4481
992
506
4780
8041
3806
8334
2318
7225
3641
4861
8344
1880
4579
6032
5255
6951
8257
820
7506
3863
7769
512
2826
1143
1746
2787
1508
3183
4250
6107
6435
5183
3759
6525
6864
8311
1210
4468
2564
7848
7800
208
3528
1296
4881
5699
6614
7824
571
3315
5821
6258
7716
4298
3287
6493
562
4509
439
6528
126
6964
691
5042
7510
5398
6637
7298
5073
5775
6576
1836
1097
4453
3941
4256
8006
3707
6471
9
5462
7645
7643
5113
1124
2814
7782
1940
2029
7498
771
6287
4003
269
4659
4102
5834
2035
4447
1284
7588
7723
2867
2862
5702
1519
148
7161
5304
2745
3615
6172
2613
5618
6845
2389
3543
4854
7136
7806
6495
197
1417
930
949
6441
6009
3750
6827
3372
6928
5753
6202
6444
7519
7393
2602
4200
2188
7792
7534
3892
5235
2906
5171
4486
6808
3269
8318
4673
7808
6575
7935
1639
4532
4784
784
4557
2638
6307
6044
3460
6904
6375
6509
7113
2749
4473
4458
3010
4335
5734
3953
3680
3052
3150
6016
7441
6668
5630
2732
5060
3644
5922
860
7318
6230
4178
7930
7575
740
374
2062
3519
3726
4811
5370
1305
6103
2924
695
4984
1317
1719
1622
4008
7515
2890
7411
4171
4050
142
1702
3385
6841
3155
1611
4927
2339
8353
7213
2432
510
3710
8324
2138
7178
5287
611
4045
4894
464
6583
3000
2610
7918
8336
4479
744
1463
3410
4632
657
2818
1534
5075
1685
738
5529
6578
4849
2781
437
7442
46
5803
2793
2926
6717
6962
1896
5532
8316
2017
4198
3692
3952
5083
2022
5443
6286
8256
1376
1034
4273
2245
42
3835
508
4060
6117
3842
6897
5162
6457
7146
1974
675
6810
3987
4245
1202
4269
1243
3966
5065
4083
1308
5246
6881
6599
5599
518
2049
402
1726
262
5875
1716
5742
8229
6965
4564
7397
6943
2342
5579
2092
4244
4702
1099
2588
3336
7961
1495
8058
7426
6846
6100
1145
6655
6432
5774
6629
7618
316
3262
2241
5315
6900
7385
1038
2956
7583
3627
2413
2075
7642
5337
2552
1446
4406
7003
4401
5166
108
7491
1377
6879
6453
4536
5619
704
3903
4133
438
3867
6452
1292
7514
5295
751
3658
729
2573
2815
8126
6264
540
1070
1158
6381
5800
4712
1078
2163
4361
2306
3824
4227
8231
1900
5484
3584
6248
2635
720
6667
2485
4550
6125
2824
6312
1961
7456
4577
6377
5820
6166
808
1251
1425
5640
5216
5354
6677
5540
894
5368
7338
4278
4471
471
4973
8242
1897
2829
662
218
6913
5376
1995
7785
798
7238
4693
3914
2403
3022
926
5486
3353
989
1638
6826
2200
5476
4916
7052
4845
4005
350
6537
3280
849
1312
3042
5733
196
8354
2437
4242
5891
4188
4792
2439
6713
2726
4697
5329
7310
622
3642
4012
5870
5386
4314
4138
7616
7715
481
4598
3201
1334
8048
2665
7469
3483
4090
5450
4628
6374
5132
3708
6332
2023
2051
2629
8014
5356
4541
6118
6404
8203
2312
7348
3017
1861
1807
1986
5560
4193
152
6072
8227
7920
3441
1773
6976
4821
7706
2233
6932
1079
5490
2455
7669
7590
3972
5739
6890
4071
2530
6584
7072
2859
7475
6469
3036
5552
4898
4782
8200
5765
4841
2373
8335
8123
494
3609
458
6545
6757
6506
78
1229
6634
1503
580
2201
6171
4936
1881
6625
5466
5596
4857
7492
7134
1225
4387
3109
1384
6352
6356
229
2080
7041
3626
4915
3689
4224
4899
993
1255
3506
3659
309
482
4041
6632
3674
4363
7319
6089
6101
427
2590
3373
7474
8099
2048
7267
4038
7513
2425
98
2968
1370
6201
7187
1755
1891
6430
7512
5787
4084
6272
3647
6633
5813
2495
4332
345
5996
7015
2
6023
1972
5012
3611
6691
3556
1114
2660
6639
2780
5284
7857
2788
8169
1989
3248
3440
1061
5233
1587
3606
3737
5309
7159
1408
8286
466
5095
7060
2729
5818
1371
3610
3034
6977
8150
644
4396
4234
4508
6620
2136
1593
6027
4203
6156
6364
7067
7227
7423
4023
8046
6040
1515
1717
4974
6169
5355
3050
2518
7093
3649
1629
5199
7950
6114
4422
7551
3121
7045
3445
5323
2652
6980
4619
4732
4943
2672
6834
1361
6938
3100
4629
2546
2500
8212
1288
8060
3901
2666
2954
1104
7771
3670
4487
6959
7634
3763
6648
4024
3043
5066
7537
8321
4461
2133
5580
2855
3871
7361
8278
5133
1779
7544
1044
4888
7018
7116
2090
4756
5642
5322
7181
3643
4573
1856
2701
2967
2762
6231
121
1193
5198
2324
542
8338
6249
4425
1977
5240
7531
6856
7247
2561
5685
5126
3086
6790
8258
3536
472
4089
7526
3928
4091
5119
3819
2878
5575
5727
3942
333
7681
5549
5755
8071
6608
1486
8167
1768
6830
4932
1185
1609
3621
7279
7244
4908
4146
2369
6149
1706
3636
7350
101
7860
2809
445
7228
7282
4370
761
4983
7533
2915
5688
857
7031
296
1885
4169
4688
6593
6777
7122
485
4296
5823
6710
7399
6925
7465
4714
6659
2616
493
8102
3894
6636
346
1813
1667
6712
7376
4106
7813
6241
7433
12
706
918
8314
4157
5301
5585
5164
4
1754
1960
7687
4403
5111
1761
5096
1330
4566
3687
1730
8355
805
7781
6144
5289
1694
88
8221
369
2162
8254
994
2011
8155
969
3102
4648
1062
6678
3015
3018
1223
20
2066
7882
3757
5749
397
7502
230
4266
3324
3024
2739
3304
4489
5067
7160
4833
5266
6699
678
2030
1579
6912
1066
43
4292
1691
2706
2808
4211
4583
5474
7589
7833
2498
4011
3110
7855
5877
5305
7775
7386
585
1194
5433
2770
2470
8144
2819
77
8089
2628
1857
3619
265
3378
2371
165
8383
7778
7120
1596
5180
3890
5865
1348
3238
1047
3960
1662
7199
6559
6078
3586
7604
4801
358
5528
7034
2418
4921
7026
2707
1669
3268
1157
7640
7408
406
7230
3575
2807
4495
155
1612
5773
5505
3459
2399
6425
7087
221
53
5123
5351
5892
1817
3523
2194
5352
4951
3505
2361
3765
950
4375
1735
4381
277
3164
474
5449
6883
1471
791
4061
4145
2166
4958
3387
1249
630
3180
2858
5550
6609
623
2240
6463
1903
6178
2113
781
2393
4766
3624
2801
3981
7524
2103
6975
1209
7543
696
649
7739
1266
597
5271
6515
6291
1795
5752
4918
967
6018
2013
5091
5015
8084
4388
5459
5772
6829
3796
3663
6412
6470
7654
1337
792
132
2515
4957
4930
1473
4047
2156
66
7906
3208
164
3881
6282
3550
6228
2581
3816
4805
3095
479
1115
736
2912
5833
7375
1653
2341
555
1765
3089
187
3651
5569
6538
4311
5584
5290
2151
1943
5788
946
641
2597
2168
2440
1975
3001
7873
4068
1154
7763
1631
927
2206
6760
5960
5292
3047
8197
487
2474
7753
4336
2617
1801
5419
4934
1215
7742
122
1179
6418
1895
3795
5730
1389
6582
4923
5708
7828
535
6269
579
1320
4063
995
2398
7844
2365
6646
5825
3599
2134
7508
6476
7218
4212
2106
7718
920
1774
3313
1541
6589
4493
4552
359
6129
1008
800
2551
2378
3027
2785
7908
5751
1577
3640
8399
1162
7977
4970
4103
7388
414
1869
7638
5907
4865
4095
2280
4299
416
5432
847
845
2894
3154
551
6884
2034
6092
2294
7585
1013
6595
236
6195
4700
1522
6265
5518
2722
2272
3947
888
4944
4268
6450
4707
1410
1256
2052
356
3342
8010
4121
858
5768
1100
5999
5020
1889
4826
4289
2257
2311
532
1864
283
6997
2065
3887
3513
1564
3758
3422
2058
4967
6894
5986
5391
2391
7083
7799
6616
6825
2510
3716
2684
688
8362
2919
5548
2601
4409
8128
7226
1357
883
4048
2420
4222
2405
3638
7016
7535
5987
2243
940
7000
3521
1520
2578
8182
560
3448
4734
5332
5135
1803
2947
6970
4082
8277
4006
717
6641
2239
882
5816
6135
880
1637
4348
1796
6161
2278
6568
4099
4184
7457
6807
2179
3675
1168
174
7419
1069
3094
4490
788
5260
335
3292
1806
7379
4567
7217
1484
6062
5031
6208
5669
2531
2479
336
4032
3602
3614
854
763
2720
4946
1854
5089
3377
4989
2293
8120
7721
4382
6950
6492
6842
3592
6640
8012
5864
2354
4594
8387
637
1635
54
4247
8011
7175
4512
6507
4274
826
1475
6775
5807
1412
3118
234
5692
7468
1928
2757
3780
2843
3468
6889
544
7666
2605
3865
7701
983
4813
5623
1608
650
7406
5681
1846
3650
2521
4954
4124
3666
2774
7732
202
3361
4132
5288
5967
104
1273
129
3478
4122
4636
6539
4501
1935
4202
446
3221
1835
429
1827
4786
2942
5441
536
3821
2289
6690
8062
8001
1136
5148
7952
1314
5364
2941
549
2953
3512
7117
7114
1113
6876
6366
5418
5980
7613
1711
933
603
3848
925
966
8255
6523
3120
5430
5318
5366
5189
850
4429
5327
4641
4201
5645
4950
5223
859
5006
266
1028
7208
5567
6136
7582
1697
5208
810
3049
2212
7932
5628
5157
3433
7107
8319
626
3005
6820
6096
2688
136
166
8236
6063
6780
6022
7919
7839
3557
5027
7625
5726
6400
531
279
4437
1222
2637
6411
7965
2933
7354
6806
5469
6141
5361
1524
5888
1294
1360
6613
863
6516
734
7027
7576
3085
3207
4040
3449
3111
200
3140
726
8347
103
3040
5809
5938
5324
2846
6628
240
4147
1054
2259
354
7059
2768
1276
3006
7149
2626
8307
6233
4488
4738
5218
8009
5252
4789
874
1540
8320
8094
2693
1951
289
4671
514
2216
1290
4505
1476
2387
6682
5463
661
4305
6619
809
2196
6242
4307
5110
5056
5495
440
177
8162
1458
6182
1583
3490
7472
71
1090
4791
2533
7044
8270
6605
3729
6521
3875
6152
2864
1876
2081
732
7436
4741
6034
6333
923
4570
1529
2209
5961
2622
972
1999
3300
5957
387
4800
3862
7004
5844
1720
5721
3499
5112
6998
2636
8251
2599
6340
3260
259
944
3718
5437
378
3579
3785
718
4119
465
1159
7341
3938
7260
100
1156
7370
4709
5812
3657
5168
5955
3312
2921
7853
433
2604
6478
5125
3357
1512
4330
3855
3529
7133
6730
990
6467
3404
1722
841
6355
2764
4561
3432
7868
6984
6721
5500
6373
7686
1084
5424
1422
1461
5050
5918
419
3282
4926
1592
2782
5801
48
6068
5930
3176
5173
4876
5421
7854
3360
8237
3912
656
2733
4073
7573
7679
3977
182
3032
6840
3245
1400
6683
6992
38
7212
5880
7676
311
5897
6278
5678
1146
7395
7144
7633
6289
5842
1201
5481
3252
4758
8067
3088
2907
7462
6558
2974
375
2649
4026
5192
3549
1570
5222
7733
3274
6223
1262
2282
3685
4507
2850
8284
1058
1382
1441
1647
176
4238
3986
2270
2797
3810
6091
831
16
368
4520
7126
2444
7080
1076
3704
4358
245
2231
5053
3518
2064
5291
6985
5592
5581
6124
4704
5502
5059
749
8298
7289
8366
6569
288
3185
4470
3477
2863
5108
3605
5849
1710
3546
5687
3822
5294
5777
1544
1387
7910
3429
2699
4192
4964
7867
4853
7264
1182
2743
5978
6406
4744
4975
3059
2851
8157
8250
4376
5808
5388
4843
8297
8023
8365
2545
6714
431
6485
5076
6494
3200
1130
1781
3205
329
7746
4272
2380
6175
2585
8292
8202
5862
2558
1643
4067
4860
320
2099
268
3007
5428
5264
2445
2918
5227
5017
1373
3087
7698
6793
659
1673
1879
294
6513
1580
3320
2471
3786
8323
5563
1195
742
1776
8122
8127
237
663
6663
3301
1818
4551
2567
2939
4014
1189
1259
4986
1888
5282
57
758
6146
160
2238
7022
3401
5689
3197
6395
1386
2132
3217
1656
980
3101
8340
2213
5671
8038
5947
4494
175
116
5582
4383
973
82
2135
6518
6143
2145
435
23
593
3281
3929
1815
2620
2506
4880
5209
1065
6695
1553
5802
4356
1077
7499
2268
7594
4297
1030
5911
6585
624
1443
7923
3229
1714
5079
1260
1738
4726
3033
7075
377
6181
1161
8283
5989
3152
8230
3613
5555
3446
1911
3431
5493
5139
7111
1349
7347
6709
457
3743
281
5914
3261
2736
3048
5902
3717
131
488
5273
1785
6421
8209
955
5359
6060
212
6039
8179
2481
3293
7619
1216
1623
7545
1345
6718
6186
3992
6147
5873
4446
7542
2422
90
4029
1464
5942
2379
3772
3254
2944
806
4589
5467
1654
3583
6947
7210
6028
924
4818
45
1742
7871
1133
1907
3982
2248
7832
2462
1780
633
5968
4979
2475
7389
5491
6358
7156
5138
7391
7724
8027
7321
3525
398
6482
6786
8174
4606
3295
1956
3622
2999
3314
5662
1297
1878
7245
844
1655
5920
4165
5262
2525
6423
5414
3859
4281
32
3428
3856
2359
1424
1395
7005
8148
7954
3803
4633
7851
497
2767
1952
4210
4802
3648
4186
522
7342
4616
6051
6624
1239
4625
7224
4730
6360
7764
1339
7793
7363
7401
5636
6281
6645
6817
1915
150
8220
5841
5806
762
7661
1636
5523
5744
3178
1905
7248
3225
6111
7786
7612
3623
256
975
7659
1843
2507
6110
6391
723
8091
410
2027
7975
3784
2032
3768
7909
491
6
2713
1120
1224
1421
2442
6419
3727
2487
3511
1246
7798
7657
8124
1899
1794
6741
2619
6275
1938
607
6937
7132
180
1035
404
2844
6194
1151
5512
6253
2950
4668
6497
4829
4253
901
6983
5982
184
2504
7823
7690
8287
1886
511
1822
4474
7251
255
3797
7569
3755
1171
3484
8352
7053
3924
1191
793
2548
1116
40
1356
1267
6874
1236
5100
4710
1437
2654
3278
2607
5988
2446
4431
5944
5644
2738
7942
7702
5905
3151
5339
8110
7030
5993
7990
3053
5588
8093
272
7953
6612
5285
6148
92
7649
2682
3144
6388
1734
3769
2249
4338
8031
6019
8273
6936
7118
7418
7234
2300
4267
833
4100
7767
5923
6198
4492
5248
1109
4806
1050
2572
3823
1397
4442
2731
6098
1723
1649
7047
4315
6945
1368
4217
5972
8043
6892
1351
4996
2760
6800
6329
6232
7183
362
2930
29
3607
1232
1007
2247
5796
6635
5709
7776
1581
5826
4895
6271
5219
1447
3339
1021
7599
2427
2955
5525
1556
1757
1589
4685
7842
6990
5314
3362
6065
1089
5317
3218
2817
4341
7621
3453
2423
3531
5558
2331
7538
6280
1226
7381
2416
6021
4731
2705
7850
4892
3593
1310
5597
3812
6729
2235
6133
4889
574
5057
4239
2274
3420
1724
6999
3565
6256
3594
4772
6530
2250
4695
3307
889
7795
6896
5184
5014
7516
6496
7750
5843
6285
1169
386
2368
4565
4448
2563
4825
5186
1413
7014
8168
2083
1985
36
6099
2353
2769
2985
6931
154
1839
467
5011
7849
5408
2124
3698
7438
3907
724
897
5668
477
5929
1812
5901
6610
5487
7896
7458
8156
3932
4773
1452
3931
7196
5494
3996
2033
2309
2317
5188
1551
4928
5397
1769
4097
1178
6669
1777
2895
1819
4007
8143
6893
5617
6935
2148
5274
942
4344
1025
4678
5612
1010
4018
4661
2553
5001
3498
5086
906
7143
2450
3191
252
2806
5204
4153
6403
4855
4218
67
3008
7770
2920
7334
5492
2876
7285
1621
5861
483
317
5641
7986
5185
7325
5130
6277
2211
5845
2949
450
1499
7061
5019
5534
6548
1125
5286
3882
610
5738
7162
5403
4194
7140
5767
2810
7219
7810
2823
6611
2512
5160
2596
4569
3210
5331
2143
2847
3356
4195
5883
2044
6725
5415
4966
4152
4351
3993
3435
5099
1628
7303
7743
3103
5811
6354
843
5394
6747
6261
4397
2828
7522
581
4971
4279
892
631
455
974
106
964
2957
73
8374
3166
492
6618
647
3775
4265
7284
3688
5225
1823
5416
5663
360
6414
2003
4465
117
827
3567
6581
3940
1491
1212
1057
7540
2549
72
8083
8315
3991
7355
3398
795
2486
1729
2935
707
2291
7884
6555
4226
516
5547
8346
8380
939
1665
5062
4993
3386
7825
634
3153
2288
4302
1415
2802
3889
1778
5243
1576
804
3925
1829
2114
5172
7010
5984
7265
7180
3654
7261
4925
5661
2692
2223
7344
270
5038
3125
5498
658
5431
1470
25
6580
5044
4009
6252
8253
4395
3740
7653
4869
7207
4216
2663
7993
1375
5912
6447
1771
7312
447
303
7607
3662
6159
1060
163
6781
5212
4776
47
6855
403
1530
8280
3169
6704
5296
686
5698
4919
6685
5551
6031
4933
7684
2366
371
4949
496
1850
110
694
2315
4852
1218
6824
7394
977
1920
1887
392
463
6170
5509
5369
5270
701
682
1200
2457
8070
505
1490
7994
3752
3872
4762
373
7302
7870
4846
384
4755
1142
1467
151
7378
2153
4897
8033
8106
6079
5058
34
7717
5087
302
7137
2893
452
3418
3046
6804
6490
2308
7257
4435
319
5074
4572
5837
7678
3933
35
3537
5465
1994
5695
7317
984
5032
3239
86
815
3776
6417
4482
8077
6708
2704
7356
3516
8022
3532
4684
546
645
323
6328
2484
1269
6259
4308
7098
7710
2661
5544
5383
6626
5690
428
5224
6971
2716
8213
7372
1563
5760
5429
2615
6204
4795
1323
3068
8206
5258
6512
3554
2550
7488
7536
6415
365
3457
8154
2452
524
2140
4360
4321
2959
1954
3843
5545
3858
5610
6216
2892
70
4439
3678
1855
7900
8276
2469
2827
4072
6222
2502
4304
179
2611
3192
2938
1431
357
5124
3189
6064
4651
6376
3267
2694
3123
2908
7897
1429
2456
2821
7119
2712
5468
3504
4769
8225
1283
1022
6132
3402
7328
4276
2986
306
2556
2326
80
7062
3877
1884
2996
1406
5720
3535
8097
4595
1036
8304
26
3374
5998
3911
5895
2874
2796
6966
7001
533
261
5665
1101
1537
7546
7890
1119
8064
6192
5118
7129
5593
4225
807
1566
4039
113
7817
7630
7933
3115
2182
85
4037
1321
2417
8007
2897
7477
5928
5835
6095
1865
5106
5539
6157
1805
4987
3958
1704
6762
4378
5453
7970
8049
3469
2719
6407
3805
6895
2383
2647
4350
2237
1011
2697
1591
2756
4206
6746
2086
5838
921
6858
4062
5622
2069
6483
1338
7632
412
7236
746
1569
6732
1997
7193
1088
7601
2831
4074
3639
5046
7791
3132
7591
3979
2753
4713
3553
284
2091
1820
6131
3807
5941
432
5163
6973
5948
5853
4972
635
4799
4941
725
8035
5832
6567
1033
2352
3552
5847
102
3308
5167
6210
3524
138
621
6420
3588
6451
8293
4345
7082
4440
7568
6647
2381
6459
124
2021
370
4366
5114
2299
3668
5629
3375
7815
2644
5731
6961
63
7740
5051
4883
1020
4781
5136
1187
4906
7928
4615
4081
1650
4859
7892
3294
3954
7220
7629
2714
2164
1700
654
7941
3612
2031
5836
4904
1727
3632
6067
6813
3509
4737
6061
7353
1750
6336
2751
1381
1497
7292
5716
952
3839
7171
7520
7879
2214
3383
7768
836
8322
2345
8166
7291
685
2277
1552
970
3847
4428
6724
441
6688
5283
4309
3228
4603
2709
5417
4909
4721
1870
893
7304
6736
4531
8163
4640
4300
2435
3976
1150
4316
7759
2544
830
5479
7243
677
900
5508
3271
3376
3736
1657
2899
3735
5604
7916
2923
7874
2633
2000
8363
4828
1641
5554
3333
1797
4620
2001
1434
3264
5782
8389
5634
8069
7797
8313
1998
7420
7737
7555
162
7705
3582
1674
3897
3793
4036
495
6692
8153
7734
5131
4765
2374
3563
3250
6905
7525
7628
692
379
4175
6755
1049
2542
4190
2053
6081
3965
6351
7141
1658
1976
1981
5069
267
1648
1924
372
6180
2943
5590
278
745
3041
1945
1428
1925
3149
2095
5313
2887
4626
5229
5674
1214
6344
3311
6479
7467
3808
4393
687
6020
6005
188
3777
7049
2356
8305
257
6046
3569
5268
4639
8303
4937
2130
5839
779
1438
2262
7270
6716
5425
6700
4254
5055
7192
4414
3601
6849
3344
7479
4016
5347
6514
1221
709
2508
243
823
5365
7996
1978
3909
4768
596
1302
2849
7204
7309
5571
207
332
5533
1350
8030
3416
7215
2421
3870
5375
5234
1031
246
3961
2242
1466
1435
6917
3331
3801
3243
8369
8302
3722
5048
7901
7912
4893
2645
2779
4877
1617
469
4229
5526
2202
2889
922
7158
7272
1950
44
7960
8082
5016
4779
299
4135
6556
2866
1595
2651
7254
6557
6828
3937
6602
6151
3827
6337
1788
3425
6443
5374
5535
2724
2434
517
3809
1401
1555
4028
5926
1073
300
1147
6311
7697
4848
4459
1374
1140
6882
3496
7103
443
2979
8288
4410
7658
8054
7999
727
1496
3571
5457
1770
5792
1867
7444
2152
8219
1059
99
7383
1281
1234
1051
1606
3852
3337
676
8141
2891
4372
1646
5022
3396
5280
4112
7945
6899
2447
1937
4735
1890
6359
592
5387
2149
4236
2338
2068
6987
1465
7262
233
1875
4777
6670
4108
3241
5893
2686
1172
1432
1433
8072
6728
1502
583
7787
2695
832
5946
4408
4423
787
2639
868
855
6003
5393
4010
4870
385
143
5667
5804
1046
6756
7404
2766
3074
1718
6526
1546
2618
7756
3019
5155
4139
7066
3391
4655
4457
1018
6982
3126
5724
7091
4555
550
3676
8290
4539
3321
1902
3263
424
2358
7473
7206
5330
5182
2730
6422
856
4141
6276
253
1959
5247
2614
6508
5867
3964
6179
5718
6759
828
3631
1602
4917
2390
5104
6686
7493
3762
2993
2758
4287
7939
1237
6199
7271
3864
7567
4179
5908
2104
3108
520
476
6577
3731
8331
4727
7938
7214
5871
1600
3970
2088
4715
4131
6847
4134
6542
903
739
1233
7235
7602
7615
5174
6212
167
3866
4261
6799
194
6991
1501
1181
4912
6630
8199
7780
5350
2491
4498
5679
6185
3328
7202
3770
4159
5422
5830
6251
638
5336
1398
7025
5754
4044
3172
6292
7973
3629
6815
679
2304
3774
6399
1926
3409
6606
6749
4882
7042
7944
1315
4599
3415
835
4346
3664
7610
1790
3576
456
1478
5442
2547
7962
4834
8360
1914
6565
5028
2476
529
3988
5036
2940
5785
5377
8381
3910
670
381
2185
2755
5379
4475
2848
6615
4582
6811
6058
6552
2018
2307
2703
6257
8367
3071
6299
4055
1793
595
2948
4977
8051
324
2228
4399
3212
3948
884
6941
5389
1093
8026
960
3828
3884
133
2853
7064
5896
2252
3029
2295
2267
8386
6093
4679
3283
6918
3236
4526
1539
5276
8000
418
2527
7439
7556
6795
2750
1619
7979
5728
7288
7200
3920
1469
7135
5010
7250
4407
8121
6203
1271
4664
6349
8003
4291
2429
327
1949
3733
1483
2234
5335
6183
7886
7095
4340
2623
56
2146
502
1990
8397
5546
8312
3983
5706
8171
7085
5722
548
1228
1126
6920
7596
7978
534
2834
601
7222
5553
7088
3226
2336
2263
6487
2496
1016
2161
3634
4209
328
971
4104
8036
1627
8187
287
6792
6164
2057
2975
4454
6296
4617
7249
8350
3366
6308
2603
7412
8217
159
6262
2804
6368
4752
5675
2494
619
1863
2744
6954
3128
8037
7548
6073
6123
3470
5736
5080
3090
1760
4347
7682
6207
2395
1248
6288
8194
7440
5024
6372
499
6173
1728
6462
6112
1572
1138
3488
2689
2982
3520
7827
5413
6821
4856
4602
4053
8158
3064
5244
7048
363
5625
7611
5458
4724
6267
7876
2532
349
7108
193
1396
4556
2911
7054
1955
4817
7483
6217
8029
5791
2404
6801
1715
7801
586
6043
5353
4052
6784
1762
3026
7139
3715
1258
1687
7720
767
674
3162
673
4214
7812
6726
10
4820
1825
22
3285
3004
1346
7430
1964
6464
6331
1901
4001
7835
27
7714
3969
2627
6503
4657
7154
5793
4333
7605
2415
1666
3119
3906
8146
3451
5497
748
3454
1851
5840
5852
6697
5399
816
3127
7390
4797
5293
5606
3379
1642
3962
19
4920
5211
4637
2868
2008
3829
7371
2039
6319
1610
2009
7971
8017
7905
4093
1359
5461
2519
4804
737
3747
5373
4043
4101
6304
5316
4955
7964
6305
4294
1175
5082
7609
2063
8342
4288
4514
1800
5789
5088
3587
5342
4576
2016
2409
7128
5021
4215
2825
6038
672
3065
6796
231
5196
4472
2005
6594
589
5598
1893
5005
6767
7201
8185
6218
2286
7893
2759
4879
3637
2386
7885
1644
7877
3815
683
4120
6944
8249
2313
1017
3084
6126
8272
6052
4260
982
6122
3393
3857
5935
5953
2197
6084
1751
1426
7377
4491
754
5906
6534
6389
6302
185
1532
6948
703
3984
5932
6409
7671
430
7349
7380
7840
6674
8260
5886
1363
1634
6812
7152
2497
3500
3955
814
128
5300
5144
6130
5427
1091
7766
3467
6317
6382
7275
6929
839
118
5357
1944
7783
3555
1153
3275
629
7273
7875
3918
226
7480
978
3950
7858
2203
3956
4455
6191
5412
4051
7667
7651
5735
4689
4827
2433
3145
7934
125
4840
1845
6857
2463
1405
5949
5670
2657
1831
1304
2761
4676
3656
2790
8223
4166
2109
4858
3558
8392
8265
6596
5874
3079
8138
3168
480
5700
2641
3645
2978
3850
4796
2776
1274
1664
4703
3826
5035
2522
4066
7790
244
904
1206
3099
4873
2754
7774
292
5102
6676
4162
2043
3620
5367
3978
4377
2791
2319
3597
6408
6832
8248
4511
2803
4137
731
3139
3724
4778
1440
4540
3270
6226
2936
7323
5489
2157
7242
3783
5915
1329
5201
2328
2191
3517
3114
2988
3475
1032
7446
1316
3713
3286
4736
3204
2329
2041
3343
6240
5311
2414
3296
1423
6926
756
7672
7957
3370
509
4675
3548
7696
3092
7644
3242
475
1588
2448
3479
6335
5477
6571
3070
2667
3196
5308
7421
6788
4154
2071
4982
1948
6953
3013
6705
3811
6000
1105
3014
6643
6330
4605
1122
4604
4177
5962
3345
7866
3551
3723
6773
4313
6875
145
5405
3690
3399
6205
2046
1984
2865
1693
5278
4649
8268
6393
1810
5116
3011
2832
4240
4634
3744
6384
2337
7924
8279
2489
7500
1404
951
2037
7017
3147
5510
5236
5933
2215
7410
3330
1231
8098
1601
1324
2227
3322
37
3421
2929
5557
6956
5723
7730
3194
7636
407
4059
1318
7751
1039
1550
7189
1633
2314
5346
1027
1451
1740
8252
852
6083
1946
2880
7527
6561
3156
7029
3206
3116
7425
7184
4320
2170
3273
6657
6902
3888
282
5037
6885
2582
5265
7614
5530
4808
7670
8130
7831
7987
6087
41
684
5854
2632
2363
1957
7558
8394
6449
4140
7557
2631
5732
1632
5570
5815
4690
6405
1939
156
4046
3604
2396
1668
5349
824
1894
4117
1816
6742
4128
219
1238
4371
6383
5995
6907
1053
4719
4167
7565
4584
5884
7606
1599
135
4627
591
6367
5382
961
6719
5740
7829
8140
8243
5257
2219
3290
3016
7837
3893
7728
5635
6860
7501
6357
322
1548
753
6017
7562
851
3898
1871
1347
7549
2483
1064
2852
4398
6574
1037
1220
5672
2650
7760
4618
5107
4183
1041
1254
4033
4384
4451
4677
503
1152
4221
862
409
2752
3462
4814
8177
2987
6160
8376
6176
4717
1045
3913
6549
755
7221
94
3350
4312
2187
6473
7032
3896
3646
3625
8178
6053
7951
7673
4771
570
8351
2438
2777
6128
3163
2594
6361
3804
3332
5054
1675
7529
3037
192
6015
5705
6652
7308
5448
2251
6706
7252
1547
3574
7195
3223
2816
3951
935
4402
7487
6573
7058
3190
6658
2679
3902
6334
3756
937
5451
6707
4554
422
1772
1713
1783
5855
2461
7899
3749
7749
1300
2554
840
7903
1261
8103
6529
1227
6901
6234
6673
5963
4642
6010
1449
2658
7100
2464
2256
7830
8330
5694
2298
3061
909
2980
1213
1019
653
3739
4306
5795
5647
3348
5452
1459
5520
3044
5631
8115
5217
5710
4535
3773
396
6531
351
3672
6501
1799
1311
667
2372
6720
5472
478
932
6279
4836
6055
3035
3679
5261
7351
1554
3279
680
6322
6260
538
4794
3288
3265
689
1023
4517
3568
702
7847
741
2335
4516
112
401
1615
2424
4400
1560
7365
1309
1858
3133
459
3598
3745
6665
5392
2771
5680
5643
2592
1121
4249
523
2901
4547
3363
4404
2523
8074
968
7580
215
147
1744
3578
7552
6455
4144
2681
6012
8113
999
6200
7532
2857
5602
643
7470
4667
5137
912
4126
2332
7927
6318
3405
6410
7956
7805
1123
2060
3277
5682
3317
6684
7024
6923
2079
2981
1165
931
3437
2539
5857
915
6566
4613
7422
519
3130
3289
5770
5299
1180
2067
3442
2728
1196
6184
4502
6524
2178
5649
842
5943
991
958
227
1672
7185
285
6734
4586
7497
7845
7560
2842
3129
2765
7274
8239
3358
7043
3686
1407
1921
5381
2139
1270
8005
8343
3854
307
7281
2183
105
1445
5482
8134
6106
4563
5120
2292
7748
4523
6026
1616
2480
7902
6119
1848
421
7495
1448
2746
1712
2922
7983
8059
1362
3782
873
1354
5161
4196
3533
89
222
1688
7148
280
3291
5757
7915
1661
4662
2740
917
881
981
3160
3562
2718
2094
861
3946
7121
6939
3617
2290
1992
7617
3566
7203
1660
3444
1392
7862
4997
1767
5939
1933
6426
697
6592
1947
8240
4088
1488
2569
1523
3959
3434
7917
1419
6952
49
4720
1518
1784
6436
6930
364
2015
1098
4646
2273
7073
5206
2562
6057
3944
3967
6460
2327
5577
4568
7170
3394
6325
2514
8391
786
2678
5475
1725
7019
4749
1756
3173
2340
223
3472
4284
2656
1436
6819
7584
4938
4262
4219
6748
803
4322
1872
8378
7384
6979
2900
5203
4610
5109
3560
7092
2394
1137
783
6365
6468
5256
6439
2120
2520
8107
6273
5117
6650
1966
8325
6863
7699
7708
4753
4871
2217
500
50
5041
2343
5401
4884
4303
2454
5473
7494
5049
7692
2541
3057
1559
4443
5646
5729
5064
7216
8359
4645
3255
6661
5762
3461
6672
3697
5499
1696
5794
4824
2126
7357
3113
998
4740
3541
700
2517
2583
4763
5766
1052
76
5154
6738
5561
4764
6921
590
7904
7985
5653
3732
870
4914
3487
3714
4901
8136
2969
3237
8271
5142
2608
527
220
4513
1399
566
8238
2165
6054
5513
1358
8372
304
2020
5748
5395
7688
5829
153
2934
1561
6968
6323
6785
6517
7079
2516
5030
7859
1912
7232
4929
6315
6963
7330
6651
4770
6309
2460
7040
4553
2989
3860
2070
4156
5514
3395
1055
6942
7090
1830
4543
2261
2265
1149
7482
6903
1782
3495
2347
2909
8132
84
3508
451
7883
5651
8333
4205
606
5696
1453
4223
264
7864
7700
4546
6075
7762
4107
3974
6085
2176
6290
2303
1420
3397
8300
8050
4163
4365
2225
201
5997
4189
1148
5210
5936
6266
4235
5595
8176
569
5666
3298
7294
3841
8024
7011
3834
460
8301
3413
2798
5423
2204
8088
8086
8105
4277
5195
4161
3975
444
1176
4069
1842
8228
2655
1759
5965
5745
1892
2994
752
7431
1328
183
3436
867
6866
7484
1131
2916
2669
8218
6316
4480
7852
3820
6850
1821
3021
8045
1242
7471
6910
4477
1680
1411
6001
8073
5013
5400
7165
2725
3209
1380
879
3825
6346
367
5878
4258
5887
388
232
750
6623
7784
730
1303
4530
7246
7947
1042
4864
3456
7360
1971
885
4148
315
2513
3883
2587
1917
5761
3305
5298
1775
941
5805
4900
7051
3719
347
3570
6030
7648
6598
2490
2931
7070
5983
5937
6437
6996
1257
2835
7463
1786
7056
6154
4349
5232
2141
891
2310
7674
2218
8004
6880
4952
6898
6350
8109
5917
7946
5576
1230
7280
8170
614
3539
4438
1103
6909
2388
3853
2321
4510
1335
543
1043
6116
2085
2888
3936
7301
669
5439
4483
987
3159
6562
1931
2966
5303
4125
651
5657
5205
715
7794
5522
6140
4960
6967
2700
7635
5061
3135
6401
1388
4545
2538
3589
6916
6244
6671
5344
4000
846
7172
5715
4558
4822
7339
8108
7002
1403
7256
2535
8114
8152
6070
4233
4998
7109
7145
5143
5868
2056
1166
6378
2229
6397
3712
5741
5306
1525
399
1853
3473
225
3082
7112
7033
8210
1804
8247
5638
1163
2503
6572
1932
7940
7258
4767
8275
130
5900
1111
5990
1505
2236
3157
4691
321
4462
4412
8308
2316
4922
1184
3186
3501
8328
5275
1624
7869
1247
7490
6502
4592
3381
7646
6989
1987
4631
4658
3581
7124
6745
6563
8095
395
4750
2101
2845
1709
4863
1510
353
213
5281
7755
3693
4326
2674
8020
5764
2493
3081
5325
4469
8018
3635
8295
3542
7296
6546
3187
3170
3526
5384
6177
1683
6848
4116
1898
1764
4774
2192
2158
2155
1144
8101
4464
671
342
2392
6445
6153
1245
3106
3414
2784
1498
6326
7063
305
5516
111
7374
8118
5819
599
170
1477
2334
1009
4571
250
6739
872
6838
2972
1004
2019
1365
825
7097
6268
8329
3989
6765
1295
6024
1703
1749
337
3844
4674
6142
8370
6165
712
1970
8195
6988
8235
1468
1707
2253
1074
6167
6429
945
2195
4337
5272
6247
2159
6816
4017
8052
1526
4519
4887
6915
4562
2775
4621
1918
2820
6527
5573
7662
568
1565
137
1092
2881
6475
1507
5714
4367
2351
2004
1531
6442
5390
5866
7147
5026
3700
7177
5536
2612
7765
436
5
6703
8129
8117
5187
3447
2323
7269
8057
7752
6681
5191
545
1075
1991
7789
115
3895
1252
5464
5312
4867
8349
6798
4580
5615
988
1859
3879
5737
817
6386
7416
1327
4544
7727
4622
7168
604
4283
5150
1299
